###
###
###
11010000000011111110000000000100
11011111000011111101111001000100
11011111111011001011110111111111
11111111100111110010111100010111
01111110101100101111111001110111
11101111111001111101110101000010
01110000100100100011000011100000
00001110100111110100111100000010
00011111111001001100111100001100
01000010001100100010000100110000
00010010000110011110000001011100
00010000000011111110000111101110
00110001000110010001000001010001
00110000111010011111111101010001
10111111000000010001000011010000
00100000000000000001000111101100
01001111110000001111000011111011
10111110110100001110000011110000
00000001001100010001000000010001
00001111000100000000000000001110
00101111000000101111001000000000
11110001001100100010111100100001
00010000001000010001000100000000
00100000000100000001000100000001
00100010001001000010111100100010
00100010010000110011000000100001
00100010001000100010000000010010
00010000000110011110111011110011
00001101111010010101110000000000
11001011101100001110110100001100
00111111110110010011110101010001
00011101111010010111110001001110
11101101100111010111110111111100
00000000100100100010111000011110
00010001101111010111111101000001
00110001100111110111111111111110
01011110111100001011000111111111
01000000110000001101000011111110
11010000000100001110000111100001
00000000111000010101000000110001
00000000111111110001000011111111
00100001000100100001000111011100
10010000000011110111000111100100
00001111000011000100000111010011
00010010001011100010001011110111
00001101111111010001111000001111
01001101110111101111111010101110
10111110101111101110111010111100
01101101101011111110111110111110
01111111111011111111110111000001
01111110000100000010111011010000
00010000100100110010000011101110
01000000100100001110000111110001
10110000111101001110111100010101
00000010001000000011000000010011
00010001010000010111000000000010
00100001000100100110001100010010
11110001001100100101000000000000
00000001001100000111000000000001
00000001001000010011000100010010
00000001000000100010000000010001
00010010010000100001000100010010
00010001010100100001001000010011
11110000001000110100111001011101
00010000000000100010111111110001
11011111111000010011000011110001
00000000000101110011110111111100
00001110110101010001111000011110
00001101111100010000000001100010
00010010111101110111111000101010
11100000111001110110111001100010
11011111111100010011000000100111
