#time0col7[msb-lsb],time0col6[msb-lst],....,time0col0[msb-lst]#
#time1col7[msb-lsb],time1col6[msb-lst],....,time1col0[msb-lst]#
#................#
0000000000000000 0000000000000000 0000000000000000 0000000000000000 0000000000000000 0000000000000000 0000000000000000 0000000000000000 
0000000000000000 0000000000000000 0000000000000000 0000000000000000 0000000000000000 0000000000000000 0000000000000000 0000000000000000 
0000000000000000 0000000000000000 0000000000000000 0000000000000000 0000000000000000 0000000000000000 0000000000000000 0000000000000000 
0000000000000000 0000000000000000 0000000000000000 0000000000000000 0000000000000000 0000000000000000 0000000000000000 0000000000000000 
0000000000000000 0000000000000000 0000000000000000 0000000000000000 0000000000000000 0000000000000000 0000000000000000 0000000000000000 
0000000000000000 0000000000000000 0000000000000000 0000000000000000 0000000000000000 0000000000000000 0000000000000000 0000000000000000 
0000000000000000 0000000000000000 0000000000000000 0000000000000000 0000000000000000 0000000000000000 0000000000000000 0000000000000000 
0000000000000000 0000000000000000 0000000000000000 0000000000000000 0000000000000000 0000000000000000 0000000000000000 0000000000000000 
1111111111111010 0000000000000110 0000000000000110 1111111111111010 1111111111111010 1111111111111010 1111111111111010 1111111111111010 
1111111111111010 0000000000000110 0000000000000110 1111111111111010 1111111111111010 1111111111111010 1111111111111010 1111111111111010 
1111111111010110 0000000000101010 0000000000101010 1111111111010110 1111111111010110 1111111111010110 1111111111010110 1111111111010110 
0000000000000000 0000000000000000 0000000000000000 0000000000000000 0000000000000000 0000000000000000 0000000000000000 0000000000000000 
0000000000000000 0000000000000000 0000000000000000 0000000000000000 0000000000000000 0000000000000000 0000000000000000 0000000000000000 
1111111111101111 0000000000010001 0000000000010001 1111111111101111 1111111111101111 1111111111101111 1111111111101111 1111111111101111 
0000000000000000 0000000000000000 0000000000000000 0000000000000000 0000000000000000 0000000000000000 0000000000000000 0000000000000000 
0000000000000000 0000000000000000 0000000000000000 0000000000000000 0000000000000000 0000000000000000 0000000000000000 0000000000000000 
1111111111010110 0000000000101010 0000000000101010 1111111111010110 1111111111010110 1111111111010110 1111111111010110 1111111111010110 
0000000000000000 0000000000000000 0000000000000000 0000000000000000 0000000000000000 0000000000000000 0000000000000000 0000000000000000 
0000000000000000 0000000000000000 0000000000000000 0000000000000000 0000000000000000 0000000000000000 0000000000000000 0000000000000000 
1111111111100100 0000000000011100 0000000000011100 1111111111100100 1111111111100100 1111111111100100 1111111111100100 1111111111100100 
1111111111101111 0000000000010001 0000000000010001 1111111111101111 1111111111101111 1111111111101111 1111111111101111 1111111111101111 
1111111111100111 0000000000011001 0000000000011001 1111111111100111 1111111111100111 1111111111100111 1111111111100111 1111111111100111 
1111111111101010 0000000000010110 0000000000010110 1111111111101010 1111111111101010 1111111111101010 1111111111101010 1111111111101010 
0000000000000000 0000000000000000 0000000000000000 0000000000000000 0000000000000000 0000000000000000 0000000000000000 0000000000000000 
0000000000000000 0000000000000000 0000000000000000 0000000000000000 0000000000000000 0000000000000000 0000000000000000 0000000000000000 
1111111111100100 0000000000011100 0000000000011100 1111111111100100 1111111111100100 1111111111100100 1111111111100100 1111111111100100 
1111111111011001 0000000000100111 0000000000100111 1111111111011001 1111111111011001 1111111111011001 1111111111011001 1111111111011001 
1111111111011001 0000000000100111 0000000000100111 1111111111011001 1111111111011001 1111111111011001 1111111111011001 1111111111011001 
1111111111011110 0000000000100010 0000000000100010 1111111111011110 1111111111011110 1111111111011110 1111111111011110 1111111111011110 
0000000000000000 0000000000000000 0000000000000000 0000000000000000 0000000000000000 0000000000000000 0000000000000000 0000000000000000 
0000000000000000 0000000000000000 0000000000000000 0000000000000000 0000000000000000 0000000000000000 0000000000000000 0000000000000000 
0000000000000000 0000000000000000 0000000000000000 0000000000000000 0000000000000000 0000000000000000 0000000000000000 0000000000000000 
0000000000000000 0000000000000000 0000000000000000 0000000000000000 0000000000000000 0000000000000000 0000000000000000 0000000000000000 
0000000000000000 0000000000000000 0000000000000000 0000000000000000 0000000000000000 0000000000000000 0000000000000000 0000000000000000 
0000000000000000 0000000000000000 0000000000000000 0000000000000000 0000000000000000 0000000000000000 0000000000000000 0000000000000000 
0000000000000000 0000000000000000 0000000000000000 0000000000000000 0000000000000000 0000000000000000 0000000000000000 0000000000000000 
