#time0row7[msb-lsb],time0row6[msb-lst],....,time0row0[msb-lst]#
#time1row7[msb-lsb],time1row6[msb-lst],....,time1row0[msb-lst]#
#................#
1111111110111101 1111111111010110 1111111111010000 1111111111011110 
1111111110011011 1111111111001011 1111111110010011 1111111111100100 
1111111110100100 1111111111001110 1111111110010110 1111111111001110 
1111111110101111 1111111110110010 1111111110100001 0000000001110011 
1111111111110010 1111111110111010 1111111110011000 1111111110111010 
1111111111001110 1111111110101001 1111111101111010 1111111110010011 
1111111111001111 1111111111011010 1111111110110110 1111111110011010 
1111111110111010 1111111110111010 1111111110110010 1111111111011110 
1111111111100101 1111111111001111 1111111110000110 1111111110101000 
1111111110101011 1111111110011010 1111111101011100 1111111110000011 
1111111101100000 1111111110111101 1111111110011000 1111111110001101 
1111111110000101 1111111110011011 1111111110000101 1111111111001110 
1111111111101011 0000000000001010 1111111111100101 1111111111001111 
1111111110111101 1111111111001110 1111111111001011 1111111110110100 
1111111110101100 1111111111001000 1111111111010110 1111111111000010 
1111111111001001 1111111110110000 1111111110110011 1111111111110110 
