#time0col7[msb-lsb],time0col6[msb-lst],....,time0col0[msb-lst]#
#time1col7[msb-lsb],time1col6[msb-lst],....,time1col0[msb-lst]#
#................#
0000000000000000 0000000000000000 0000000000000000 0000000000000000 0000000000000000 0000000000000000 0000000000000000 0000000000000000 
0000000000000000 0000000000000000 0000000000000000 0000000000000000 0000000000000000 0000000000000000 0000000000000000 0000000000000000 
0000000000000000 0000000000000000 0000000000000000 0000000000000000 0000000000000000 0000000000000000 0000000000000000 0000000000000000 
0000000000000000 0000000000000000 0000000000000000 0000000000000000 0000000000000000 0000000000000000 0000000000000000 0000000000000000 
0000000000000000 0000000000000000 0000000000000000 0000000000000000 0000000000000000 0000000000000000 0000000000000000 0000000000000000 
0000000000000000 0000000000000000 0000000000000000 0000000000000000 0000000000000000 0000000000000000 0000000000000000 0000000000000000 
0000000000000000 0000000000000000 0000000000000000 0000000000000000 0000000000000000 0000000000000000 0000000000000000 0000000000000000 
0000000000000000 1111111111100010 0000000000000000 1111111111100010 0000000000000000 1111111111100010 0000000000000000 1111111111100010 
0000000000000000 1111111111100010 0000000000000000 1111111111100010 0000000000000000 1111111111100010 0000000000000000 1111111111100010 
1111111111010011 1111111111110001 0000000000001111 1111111111010011 0000000000101101 1111111111010011 0000000000001111 1111111111010011 
1111111111010011 1111111111110001 0000000000001111 1111111111010011 0000000000101101 1111111111010011 0000000000001111 1111111111010011 
0000000000000000 0000000000000000 0000000000000000 0000000000000000 0000000000000000 0000000000000000 0000000000000000 0000000000000000 
0000000000000000 0000000000000000 0000000000000000 0000000000000000 0000000000000000 0000000000000000 0000000000000000 0000000000000000 
1111111111110001 1111111111110001 0000000000001111 1111111111110001 0000000000001111 1111111111110001 0000000000001111 1111111111110001 
1111111111110001 1111111111110001 0000000000001111 1111111111110001 0000000000001111 1111111111110001 0000000000001111 1111111111110001 
1111111111010011 1111111111110001 0000000000001111 1111111111010011 0000000000101101 1111111111010011 0000000000001111 1111111111010011 
1111111111110001 0000000000001111 1111111111110001 1111111111110001 0000000000001111 1111111111110001 1111111111110001 1111111111110001 
0000000000000000 0000000000000000 0000000000000000 0000000000000000 0000000000000000 0000000000000000 0000000000000000 0000000000000000 
0000000000000000 0000000000000000 0000000000000000 0000000000000000 0000000000000000 0000000000000000 0000000000000000 0000000000000000 
1111111111100010 0000000000000000 0000000000000000 1111111111100010 0000000000011110 1111111111100010 0000000000000000 1111111111100010 
1111111111100010 0000000000000000 0000000000000000 1111111111100010 0000000000011110 1111111111100010 0000000000000000 1111111111100010 
1111111111110001 0000000000001111 1111111111110001 1111111111110001 0000000000001111 1111111111110001 1111111111110001 1111111111110001 
1111111111110001 0000000000001111 1111111111110001 1111111111110001 0000000000001111 1111111111110001 1111111111110001 1111111111110001 
0000000000000000 0000000000000000 0000000000000000 0000000000000000 0000000000000000 0000000000000000 0000000000000000 0000000000000000 
0000000000000000 0000000000000000 0000000000000000 0000000000000000 0000000000000000 0000000000000000 0000000000000000 0000000000000000 
1111111111100010 0000000000000000 0000000000000000 1111111111100010 0000000000011110 1111111111100010 0000000000000000 1111111111100010 
1111111111100010 0000000000000000 0000000000000000 1111111111100010 0000000000011110 1111111111100010 0000000000000000 1111111111100010 
1111111111110001 1111111111110001 1111111111110001 1111111111010011 0000000000001111 1111111111010011 1111111111110001 1111111111010011 
1111111111110001 1111111111110001 1111111111110001 1111111111010011 0000000000001111 1111111111010011 1111111111110001 1111111111010011 
0000000000000000 0000000000000000 0000000000000000 0000000000000000 0000000000000000 0000000000000000 0000000000000000 0000000000000000 
0000000000000000 0000000000000000 0000000000000000 0000000000000000 0000000000000000 0000000000000000 0000000000000000 0000000000000000 
0000000000000000 0000000000000000 0000000000000000 0000000000000000 0000000000000000 0000000000000000 0000000000000000 0000000000000000 
0000000000000000 0000000000000000 0000000000000000 0000000000000000 0000000000000000 0000000000000000 0000000000000000 0000000000000000 
0000000000000000 0000000000000000 0000000000000000 0000000000000000 0000000000000000 0000000000000000 0000000000000000 0000000000000000 
0000000000000000 0000000000000000 0000000000000000 0000000000000000 0000000000000000 0000000000000000 0000000000000000 0000000000000000 
0000000000000000 0000000000000000 0000000000000000 0000000000000000 0000000000000000 0000000000000000 0000000000000000 0000000000000000 
