#time0col7[msb-lsb],time0col6[msb-lst],....,time0col0[msb-lst]#
#time1col7[msb-lsb],time1col6[msb-lst],....,time1col0[msb-lst]#
#................#
0000000000000000 0000000000000000 0000000000000000 0000000000000000 0000000000000000 0000000000000000 0000000000000000 0000000000000000 
0000000000000000 0000000000000000 0000000000000000 0000000000000000 0000000000000000 0000000000000000 0000000000000000 0000000000000000 
0000000000000000 0000000000000000 0000000000000000 0000000000000000 0000000000000000 0000000000000000 0000000000000000 0000000000000000 
0000000000000000 0000000000000000 0000000000000000 0000000000000000 0000000000000000 0000000000000000 0000000000000000 0000000000000000 
0000000000000000 0000000000000000 0000000000000000 0000000000000000 0000000000000000 0000000000000000 0000000000000000 0000000000000000 
0000000000000000 0000000000000000 0000000000000000 0000000000000000 0000000000000000 0000000000000000 0000000000000000 0000000000000000 
0000000000000000 0000000000000000 0000000000000000 0000000000000000 0000000000000000 0000000000000000 0000000000000000 0000000000000000 
1111111111100111 1111111111100111 1111111111101111 1111111111010110 0000000000000000 1111111111101111 1111111111101111 1111111111010110 
1111111111011100 1111111111011100 1111111111101010 1111111111000101 0000000000000000 1111111111101010 1111111111101010 1111111111000101 
1111111111010110 1111111111010110 0000000000000000 1111111111010110 0000000000000000 0000000000000000 0000000000000000 1111111111010110 
1111111111010110 1111111111010110 1111111111100100 1111111110111010 0000000000000000 1111111111100100 1111111111100100 1111111110111010 
0000000000000000 0000000000000000 0000000000000000 0000000000000000 0000000000000000 0000000000000000 0000000000000000 0000000000000000 
0000000000000000 0000000000000000 0000000000000000 0000000000000000 0000000000000000 0000000000000000 0000000000000000 0000000000000000 
1111111111101100 1111111111101100 0000000000000000 1111111111101100 0000000000000000 0000000000000000 0000000000000000 1111111111101100 
1111111111010110 1111111111010110 0000000000000000 1111111111010110 0000000000000000 0000000000000000 0000000000000000 1111111111010110 
1111111111010110 1111111111010110 0000000000000000 1111111111010110 0000000000000000 0000000000000000 0000000000000000 1111111111010110 
1111111111111101 1111111111111101 0000000000000000 1111111111111101 0000000000000000 0000000000000000 0000000000000000 1111111111111101 
0000000000000000 0000000000000000 0000000000000000 0000000000000000 0000000000000000 0000000000000000 0000000000000000 0000000000000000 
0000000000000000 0000000000000000 0000000000000000 0000000000000000 0000000000000000 0000000000000000 0000000000000000 0000000000000000 
1111111111110010 1111111111110010 0000000000000000 1111111111110010 0000000000000000 0000000000000000 0000000000000000 1111111111110010 
1111111111100111 1111111111100111 0000000000000000 1111111111100111 0000000000000000 0000000000000000 0000000000000000 1111111111100111 
1111111111101100 1111111111101100 0000000000000000 1111111111101100 0000000000000000 0000000000000000 0000000000000000 1111111111101100 
1111111111111010 1111111111111010 1111111111111010 1111111111110101 0000000000000000 1111111111111010 1111111111111010 1111111111110101 
0000000000000000 0000000000000000 0000000000000000 0000000000000000 0000000000000000 0000000000000000 0000000000000000 0000000000000000 
0000000000000000 0000000000000000 0000000000000000 0000000000000000 0000000000000000 0000000000000000 0000000000000000 0000000000000000 
1111111111100001 1111111111100001 1111111111110101 1111111111010110 0000000000000000 1111111111110101 1111111111110101 1111111111010110 
1111111111011110 1111111111011110 1111111111110101 1111111111010011 0000000000000000 1111111111110101 1111111111110101 1111111111010011 
1111111111011100 1111111111011100 1111111111101010 1111111111000101 0000000000000000 1111111111101010 1111111111101010 1111111111000101 
1111111111101010 1111111111101010 1111111111100100 1111111111001110 0000000000000000 1111111111100100 1111111111100100 1111111111001110 
0000000000000000 0000000000000000 0000000000000000 0000000000000000 0000000000000000 0000000000000000 0000000000000000 0000000000000000 
0000000000000000 0000000000000000 0000000000000000 0000000000000000 0000000000000000 0000000000000000 0000000000000000 0000000000000000 
0000000000000000 0000000000000000 0000000000000000 0000000000000000 0000000000000000 0000000000000000 0000000000000000 0000000000000000 
0000000000000000 0000000000000000 0000000000000000 0000000000000000 0000000000000000 0000000000000000 0000000000000000 0000000000000000 
0000000000000000 0000000000000000 0000000000000000 0000000000000000 0000000000000000 0000000000000000 0000000000000000 0000000000000000 
0000000000000000 0000000000000000 0000000000000000 0000000000000000 0000000000000000 0000000000000000 0000000000000000 0000000000000000 
0000000000000000 0000000000000000 0000000000000000 0000000000000000 0000000000000000 0000000000000000 0000000000000000 0000000000000000 
